PARTICLE 2 (760 atoms), 1800 K
atoms in 6-member rings:
index 1415 1427 1128 795 1384 1212 1278 1005 1451 832 1129 1356 1188 1410 966 1392 1059 1048 831 1459 903 896 869 912 1163 945 926 1487 1203 881 1144 902 1098 1045 1023 801 1414 888 1230 799 957 822 1389 752 1447 1183 1466 1020 1270 1446 1388 872 1305 839 1256 985 1143 865 1488 1035 1359 851 820 1246 758 1067 889 943 809 1382 1173 1164 1222 1419 1084 1010 1266 1298 825 798 913 1337 1423 1465 788

5- & 7-member rings:
index 1394 1094 1130 975 862 898 931 1444 1436 1142 1105 893 1082 1475 1004 915 787 1438 1396 924 772 1344 1226 1297 1456 1422 1100 1189 1169 1452 876 1413 1095 1125 789 1477 1025 1192 1060 765 1147 1053 1078 1030 1284 1277 1000 949 1479 860 1261 1380 1325 909 1343 1062 1202 1340 996 1308 793 852 1381 1161 767 1292 969 1233 886 958 978 1039 763 1191 919 1093 1172 1087 1198 1486 1120 1181 1080 828 1088 1448 1450 972 1003 1379



PARTICLE 2 (760 atoms), 1500 K
atoms in 6-member rings:
index 242 179 58 169 50 448 620 748 77 14 262 540 387 715 84 691 679 47 648 473 507 10 61 433 646 424 72 105 622 293 729 687 40 600 532 710 406 312 240 704 277 567 126 652 544 26 569 456 185 386 177 13 535 8 25 122 104 579 68 211 162 5 75 217 241 91 517 402 119 752  388 619 313 498 416 576 651 736 

5- & 7-member rings:
index 257 114 743 205 539 298 234 175 452 15 152 168 617 750 459 346 352 432 204 616 120 370 275 429 449 359 686 720 559 180 660 716





PARTICLE 3 (1769 atoms), 1500 K
atoms in 6-member rings:
index 178 451 1204 1686 1233 1394 1325 1061 734 1551 178 1677 751 26 349 794 1761 111 234 1468 1567 1004 504 442 799 547 1727 678 1605 825 914 1464 983 1703 995 1714 472 1146 1157 1172 160 948 967 423 1346 930 1637 83 60 417 995 1675 800 72 36 1274 427 59 551 436 882 1696 216 808 1662 822 664 1514 1276 1323 1240 742 1151 1168 345 227 196 521 467 204 124 1028 137 1564 1680 1695 12 818 461 865 342 1542 1491 127 613 1453 1474 1650 
index 1629 1348 1668 37 10 1429 712 224 1046 259 0 1595 185 244 1545 1664 205 1189 1167 1181 1283 1739 1011 695 1377 1078 1298 79 1459 1499 765 225 1205 1544 152 435 1578 1170 841 1503 1029 671 1313 1665 853 1174 1396 480 1173 77 127 1020 313 1339 392 571 694 1431 1015 289 67 84 773 1456 493 119 20 709 1734 792 284 1410 1359 24 965 218 141 1671 1724 110 1340 1105 90 1032 1455 145 380 232 379 378 116 1737 729 96 1357 1139 1054 
index 1089 337 367 312 991 791  246 500 250 302 312  75 177 655 408 1104 718 1064 724 558 206 539 673 1156 746 999 947 50 300 785 1730 793 356 1608 1740 223 1660 777 570 1386 507 122 797 1661 585 1152 912 3 1273 588 917 1049 1656 1574 1486 1647 295 388 1713 1419 736 485 1326 535 1073 1490 707 1638 1264 146 1721 1018 814 1754 805 1083 688 599 1007 1630 251 487 1192 744 934 524 573 668  1196  757 1312
index 330 123 1509 260 1058 1176 1114 837 488 779 1321 1320 1319 675 325 1704 1498 1016 357 1280 362 1708 1003 582 306 387 611 1291 1449 1289 904 1643 222 1694
index 370 44 1752 1500 576 336 235 201 102 49 402 183 1534 322 288 107 881 1646 92 273 747 1202 446 70 1119 1654 561 833 297 1318  1023 413 1518 602 974 581 452 1356
index 166 1268 1609 552 907 816 554 1448 1482 1108 783 1689 727 996 1653 1316 396 1389 1336 1425 684 170 1254 901 384 867 1684 1589 1145 255 55 789 550 846 115 1161 1590
index 466 545 229 1361 1674 182 87 1344 817 1515 1378 1573 892 1180 1235 1562 1620 1043 898 732 1258 1383 1012 1135 753 213 1045 1587 1075 371 1214 782 140  750 1251 1076 308 1315 1140 1234 1241  285 1257 618 989 28 1717 
index 1521 592 1706 292 1582 1415 1290 490 1303 283 1640 1512 484 175 197 516 705 1707 1165

5- & 7-member rings:
index 208 1206 1681 1373 1618 835 645 264 190 1300  1663 1042 248 600 1071 851 546 1183 364 1478 1022 719 502 1758 802 971 210 687 946 649 184 95 478 294 1013 421 903 43 1447 1124 1177 230 491 832 270 693 1658 748
index 430 829 1519 381 240 1552 624 376 1142 1288 848 366 290 964 1598 1060 243 328 65 1421 634 139 400 200 1628 1531 1432 1641 8 927
index 714 82 1732 1433 1617 1226 1760 622 574 1678 286  38 1296 1481 291 1129 761 1709 857 457 1245 134 1525 518 1017 1705 1338 1556 1055 459
index 1085 1593 1155 1185 699 397 565 537 1266 1199 1426 749 41 274 1745 1489 1132 1623 280 563 1690 639 1606   1701 827 868 161 455 
index 359 1420 1130 669 405 1024 1604 731 1408 121 1466 1019 1126 150 1577 52 1297 1188 730 56 30 1035 1030 1292 304 1422 769 1505 187 986  203 1068 418 1430 906 136 1735 
index 969 680 1579 716 7 795 1052 910 1495 1550 1362 869 271 1051 1 1363 1265 515 425 541 1613 806 1400 315 1123 265 916 393 420 897 858 615 242 834 69 403 1723 703 1390 849 1331 449 642 879 1263 1581









